19
122 83
0 722 240 145 906 679 365 750 637 136 890 710 361 729 904 928 789 145 577
309 0 823 486 323 968 102 929 437 726 296 891 738 622 226 728 479 970 884
897 121 0 756 613 748 981 741 100 394 317 120 933 509 478 426 170 469 801
797 998 789 0 368 711 850 632 229 797 885 439 283 910 981 865 669 818 712
496 216 412 693 0 971 792 288 747 798 671 696 478 333 607 751 598 194 175
363 345 379 387 849 0 169 358 778 938 829 734 315 793 974 581 715 417 711
290 151 840 436 148 322 0 715 478 172 107 530 923 376 184 162 982 113 360
290 763 529 498 839 821 782 0 105 323 324 129 536 263 719 575 430 823 423
835 131 128 754 451 700 713 843 0 631 121 539 317 606 566 645 969 387 412
684 169 517 464 162 851 506 979 973 0 767 959 764 873 825 594 909 993 379
857 127 430 823 883 156 974 702 104 898 0 523 115 802 367 918 744 379 150
614 161 905 512 912 765 793 568 939 749 156 0 401 248 420 215 200 824 217
593 330 426 936 777 716 547 116 802 748 138 202 0 277 329 629 921 579 516
532 345 368 527 183 653 359 162 851 765 416 874 455 0 967 985 657 602 580
464 230 552 783 757 676 258 662 247 741 839 415 353 440 0 567 896 338 229
350 457 295 720 400 119 210 105 794 303 544 689 694 150 833 0 350 591 341
761 617 771 927 689 830 191 652 782 275 327 826 919 773 364 202 0 727 107
948 323 512 394 729 982 991 520 936 686 884 323 261 744 206 908 982 0 325
571 416 546 635 248 783 543 870 793 829 498 385 579 731 424 660 142 346 0
4 7
5 12
3 4
3 4
6 13
4 6
4 4
2 12
5 15
2 8
4 9
6 5
3 4
5 8
2 13
6 3
6 7
1 7
4 13
391
SP 12 4 16 710
EP 18 7 18 352 3
NP 19 9 11 541
EP 9 8 14 241 1
SP 14 3 6 625
NP 22 9 12 295
NP 23 3 6 458
EP 13 5 7 697 6
SP 20 4 7 703
EP 23 1 15 472 9
EP 6 9 13 110 10
SP 12 1 4 158
SP 4 9 19 209
SP 9 9 14 106
EP 24 7 8 832 8
EP 19 3 11 424 2
EP 7 2 13 684 8
NP 1 6 13 994
SP 7 4 12 744
EP 10 10 4 622 10
SP 6 8 16 133
NP 1 9 2 983
SP 21 4 15 902
SP 8 6 7 823
SP 5 4 5 848
SP 4 10 16 901
NP 6 5 12 380
SP 24 9 16 429
EP 5 10 7 479 10
EP 18 4 16 889 6
EP 3 1 7 584 4
NP 4 5 11 526
EP 7 1 17 204 10
NP 12 3 12 175
EP 14 3 2 258 8
NP 13 8 19 512
SP 14 1 7 886
NP 24 1 10 387
SP 21 9 5 357
NP 22 10 18 353
SP 1 1 4 754
SP 12 8 1 317
SP 8 4 10 644
SP 10 7 12 578
SP 16 3 12 105
NP 5 6 16 968
SP 24 10 7 593
NP 11 3 19 578
NP 1 7 4 855
NP 15 6 9 234
EP 14 1 19 559 7
NP 15 9 9 271
NP 3 6 11 407
EP 7 10 14 676 2
NP 13 1 17 680
EP 5 2 5 374 9
SP 10 10 8 702
NP 13 8 15 656
SP 1 7 5 176
EP 11 1 1 947 9
EP 14 7 5 331 6
EP 5 6 17 411 9
EP 2 4 6 380 10
NP 14 5 16 679
EP 20 8 6 582 2
SP 17 3 18 172
EP 3 5 6 558 3
NP 19 1 19 689
EP 8 3 2 261 9
EP 7 9 3 518 6
SP 24 7 17 823
SP 22 3 3 409
EP 16 2 3 936 2
EP 19 2 2 178 9
EP 11 4 10 311 8
EP 16 2 7 929 10
SP 4 8 17 312
EP 1 1 8 749 10
NP 12 5 12 827
SP 15 2 14 519
NP 20 4 5 783
SP 21 2 5 858
EP 3 7 1 632 1
SP 18 1 5 696
SP 4 1 17 197
SP 4 8 8 821
SP 14 3 12 353
EP 6 1 11 756 5
EP 7 8 10 670 6
SP 8 10 16 348
EP 3 9 11 528 7
SP 3 6 11 565
SP 18 8 18 525
NP 20 9 19 173
SP 15 6 5 255
SP 4 2 1 637
EP 24 5 11 556 1
SP 16 5 11 864
SP 18 6 16 865
EP 15 4 10 448 8
SP 13 6 3 499
NP 12 7 9 578
SP 21 6 6 490
EP 4 3 9 468 6
EP 13 1 11 770 4
SP 19 6 19 414
EP 7 6 9 919 10
SP 20 6 14 597
EP 22 5 14 659 7
NP 6 10 5 575
NP 9 2 4 760
EP 21 4 14 963 3
SP 23 10 3 545
SP 3 1 17 378
SP 21 10 15 963
SP 23 7 6 318
NP 9 4 10 101
NP 10 3 16 311
EP 6 2 19 100 1
NP 3 5 5 520
NP 10 4 11 720
EP 14 10 17 770 7
SP 11 6 4 602
EP 24 10 5 740 4
SP 3 6 19 308
SP 13 8 10 340
SP 12 4 10 657
NP 14 1 7 781
NP 3 5 4 997
EP 15 10 6 330 6
SP 16 8 18 659
SP 5 2 14 746
SP 16 2 8 387
SP 11 9 10 114
NP 23 8 8 390
EP 1 2 15 759 1
NP 21 1 7 652
EP 15 8 18 131 10
EP 14 2 19 886 6
NP 21 1 15 592
EP 11 8 4 648 2
NP 19 6 10 309
EP 15 2 5 149 8
SP 19 6 3 876
SP 2 7 14 544
EP 21 2 17 390 5
SP 20 8 5 444
EP 14 2 19 769 9
EP 6 8 13 895 3
SP 17 1 12 317
EP 14 7 1 781 5
SP 11 7 7 152
NP 10 7 7 292
NP 18 8 16 902
NP 15 2 5 664
NP 11 10 2 315
EP 22 3 10 277 10
SP 10 7 1 236
EP 12 9 17 761 7
NP 20 10 8 146
SP 12 6 13 219
NP 20 10 3 857
SP 15 10 5 333
NP 9 7 12 253
NP 1 6 8 618
EP 20 7 12 749 7
NP 16 9 12 364
SP 14 9 12 468
SP 17 8 1 251
EP 14 2 17 761 4
SP 23 3 7 389
EP 8 7 13 987 4
EP 10 4 3 507 5
EP 3 8 5 500 5
SP 19 8 1 857
SP 17 1 10 909
SP 16 8 5 976
SP 11 9 7 292
EP 4 10 5 642 1
SP 1 7 13 718
SP 5 8 15 991
NP 3 5 19 988
NP 24 7 9 948
EP 8 9 10 291 10
NP 7 9 17 320
EP 17 10 5 411 10
NP 20 2 19 354
NP 21 1 16 528
SP 4 9 19 449
EP 19 10 7 568 7
EP 3 5 2 523 2
EP 7 7 9 952 6
EP 17 5 13 729 9
NP 16 7 15 108
NP 11 7 11 464
NP 6 9 4 873
NP 3 9 9 390
EP 24 4 18 938 2
EP 1 5 2 440 6
NP 5 10 14 190
SP 7 10 7 728
EP 21 5 6 332 3
NP 9 3 18 653
NP 20 9 1 133
SP 24 7 15 479
EP 9 7 14 157 3
SP 12 7 15 184
NP 16 10 4 335
NP 7 7 11 395
SP 22 6 12 837
EP 21 2 4 524 3
EP 6 9 13 123 6
NP 10 2 8 608
EP 22 8 15 724 1
NP 3 1 2 134
NP 1 6 5 606
NP 8 6 7 636
SP 13 5 13 855
EP 7 3 16 327 5
NP 9 7 19 899
NP 21 10 16 398
SP 21 2 17 930
EP 21 8 17 679 1
EP 12 6 1 291 10
EP 21 6 3 463 5
EP 3 3 10 762 2
SP 6 9 9 117
EP 13 10 9 364 1
NP 3 2 13 367
NP 5 7 17 301
NP 14 4 4 227
NP 21 4 16 370
EP 13 1 10 908 8
NP 2 4 8 934
SP 16 9 11 583
NP 6 9 18 630
NP 18 6 10 978
SP 2 6 15 828
NP 12 5 7 371
EP 7 2 7 789 7
SP 15 5 3 378
EP 6 6 2 798 8
SP 17 10 14 294
NP 21 4 7 862
NP 21 7 9 209
EP 12 10 9 828 7
SP 15 3 13 835
SP 8 3 13 316
NP 4 8 10 588
NP 3 10 17 571
NP 8 6 8 467
NP 18 10 16 627
SP 13 7 16 687
SP 1 10 5 187
NP 14 3 2 472
NP 8 4 5 252
NP 12 6 9 106
SP 20 7 7 920
EP 1 1 8 207 2
NP 18 10 2 625
NP 2 9 2 629
NP 8 6 8 716
EP 23 3 16 805 9
EP 20 7 15 421 6
SP 19 1 9 345
EP 5 3 19 935 7
SP 1 5 16 386
SP 2 8 12 868
EP 20 9 3 448 4
EP 6 3 4 876 1
SP 15 8 5 100
EP 9 9 16 938 5
SP 10 6 1 951
NP 11 1 19 125
EP 1 1 10 143 2
SP 18 6 6 454
SP 23 8 15 302
SP 11 10 4 645
SP 5 9 14 695
SP 15 8 7 504
SP 22 7 18 180
SP 16 5 7 936
NP 18 6 2 122
EP 16 3 14 132 6
EP 1 3 5 490 6
EP 22 8 7 981 3
SP 3 10 9 812
SP 2 3 14 153
SP 15 6 14 513
EP 22 2 2 772 6
NP 24 4 19 113
NP 7 8 12 105
NP 3 10 9 576
NP 6 1 6 214
SP 4 3 11 101
NP 18 8 15 785
EP 6 4 15 459 10
NP 2 2 7 106
SP 4 10 4 511
NP 22 2 16 447
EP 21 8 15 990 2
SP 10 7 3 410
EP 1 2 12 628 3
EP 1 7 10 455 8
NP 10 10 12 942
NP 1 10 14 753
EP 11 1 13 291 3
NP 18 9 17 603
NP 20 3 9 801
EP 14 5 4 339 4
EP 24 6 12 953 10
EP 1 6 17 762 3
SP 2 8 10 699
EP 3 10 8 567 3
NP 15 8 7 410
SP 19 9 10 898
NP 18 6 2 254
NP 12 6 18 371
EP 5 6 14 284 5
SP 9 8 18 480
NP 13 8 2 485
SP 1 7 10 838
EP 2 2 15 610 8
NP 13 9 2 232
EP 9 5 11 245 5
EP 6 8 2 291 10
SP 15 2 12 633
NP 14 2 12 260
EP 21 3 10 907 7
SP 6 2 10 356
NP 15 10 8 559
SP 17 4 9 938
EP 21 10 7 507 3
SP 7 10 5 656
SP 10 4 18 118
NP 18 5 3 434
EP 13 2 16 670 9
NP 18 1 16 781
NP 24 1 3 551
EP 17 9 12 273 2
NP 9 5 12 169
SP 13 10 4 532
EP 22 1 19 638 8
SP 1 6 16 909
EP 5 4 9 884 8
EP 7 6 17 764 9
EP 15 2 17 602 4
NP 5 5 12 527
NP 9 2 10 219
EP 1 6 8 800 7
SP 8 8 11 926
NP 10 8 8 663
SP 16 2 7 205
EP 20 3 14 644 9
SP 5 7 11 625
SP 9 3 18 290
SP 20 10 5 900
EP 21 6 6 864 6
EP 10 6 5 599 3
NP 3 10 18 115
NP 22 10 4 822
NP 23 1 5 892
NP 12 6 2 489
EP 20 2 7 973 10
SP 13 1 6 174
SP 6 6 17 550
SP 2 3 8 407
SP 6 4 3 416
EP 7 6 12 761 4
EP 10 4 5 714 10
EP 17 10 2 414 2
NP 11 7 6 695
SP 24 5 12 597
EP 1 7 11 538 3
SP 23 6 17 387
SP 24 7 6 512
EP 15 4 4 203 4
EP 17 2 11 343 3
EP 8 8 10 987 2
NP 6 1 17 285
SP 22 3 1 400
SP 19 8 2 909
NP 4 8 2 135
EP 13 5 3 753 9
EP 2 6 12 395 4
EP 24 2 17 583 10
SP 8 5 9 458
EP 15 3 15 289 3
SP 2 3 2 867
EP 2 5 14 240 3
EP 7 9 6 790 6
7
18 4 9
7 3 7
16 6 12
8 6 14
18 4 7
3 8 4
21 8 17
