.06
6
110 80
0
0
13
0 456 321 123 789 987 
357 0 753 651 124 423 
159 951 0 897 159 612 
455 564 325 0 675 988
525 565 150 244 0 781
1120 999 580 250 154 0 
8 15
5 9
11 18
9 20
7 12
4 10
36
NP 14 21 1 232
EP 8 29 6 212 4
SP 2 2 2 801
SP 13 48 3 759
SP 14 4 4 808
EP 7 34 1 491 1
NP 17 18 2 656
EP 12 36 1 493 4
NP 24 53 6 512
EP 14 56 5 335 3
NP 13 48 4 879
NP 2 50 5 798
NP 15 1 5 225
EP 7 28 6 236 5
SP 3 3 6 825
SP 14 47 3 456
SP 13 5 4 845
EP 7 35 1 456 1
NP 18 11 2 675
EP 11 37 1 365 4
NP 23 55 3 489
EP 4 54 5 312 3
NP 6 6 4 980
NP 9 51 5 1110
NP 16 20 3 280
EP 5 26 6 235 6
SP 2 7 6 800
SP 4 41 5 759
SP 10 40 4 1010
EP 3 33 1 859 1
NP 1 15 2 616
EP 15 17 1 650 2
NP 24 23 6 510
EP 25 32 5 345 3
NP 26 19 4 746
NP 2 30 3 355
8
20 15 2
5 7 6
13 23 6
10 18 2
7 11 2
14 1 5
9 17 1
16 6 4
